﻿Date. This column is sortable sorted descending,SmartPlan status,Description. This column is sortable,Debit. This column is sortable,Credit. This column is sortable,Balance Footnote message1
25 Oct 2024,,WITHDRAWAL MOBILE 1685472 PYMT Mergy Vent Investment MoneyClick for details,-$315.00,,"$5,923.19"
25 Oct 2024,,WITHDRAWAL MOBILE 1642378 PYMT Chantelle Investment MoneyClick for details,-$315.00,,"$6,238.19"
25 Oct 2024,,WITHDRAWAL MOBILE 1586935 PYMT Daniel VenClick for details,"-$1,065.00",,"$6,553.19"
25 Oct 2024,,WITHDRAWAL MOBILE 1579442 PYMT ChantelleClick for details,"-$1,065.00",,"$7,618.19"
24 Oct 2024,,DEPOSIT 5763880 Maxxia05763880Click for details,,$346.54,"$8,683.19"
23 Oct 2024,,DEPOSIT-SALARY SOUTHERN HEALTH salary 00632180Click for details,,"$3,263.51","$8,336.65"
21 Oct 2024,,PAYMENT BY AUTHORITY TO COVAU PTY LTD 1309235 Inv 168473Click for details,-$31.94,,"$5,073.14"
17 Oct 2024,,PAYMENT BY AUTHORITY TO WESTPAC BANKCORP DIRECT DR190659410Click for details,"-$2,612.50",,"$5,105.08"
17 Oct 2024,,WITHDRAWAL MOBILE 1432317 TFR Rocket Repa Extra RepaymentsClick for details,-$100.00,,"$7,717.58"
15 Oct 2024,,PAYMENT BY AUTHORITY TO YARRA CITY COUNC RATES/SUNDRY DEBTOClick for details,-$449.54,,"$7,817.58"
15 Oct 2024,,DEBIT CARD PURCHASE SPINTEL PTY LTD ST PETERS AUSClick for details,-$75.84,,"$8,267.12"
14 Oct 2024,,DEPOSIT-SALARY EYBS PAYROLL A124934Click for details,,"$5,413.37","$8,342.96"
11 Oct 2024,,WITHDRAWAL MOBILE 1643737 PYMT ChantelleClick for details,"-$1,065.00",,"$2,929.59"
11 Oct 2024,,WITHDRAWAL MOBILE 1548378 PYMT Mergy Vent Investment MoneyClick for details,-$315.00,,"$3,994.59"
11 Oct 2024,,WITHDRAWAL MOBILE 1538153 PYMT Daniel VenClick for details,"-$1,065.00",,"$4,309.59"
11 Oct 2024,,WITHDRAWAL MOBILE 1531304 PYMT Chantelle Investment MoneyClick for details,-$315.00,,"$5,374.59"
10 Oct 2024,,DEPOSIT 5749793 Maxxia05749793Click for details,,$346.54,"$5,689.59"
9 Oct 2024,,DEPOSIT-SALARY SOUTHERN HEALTH salary 00632180Click for details,,"$3,034.23","$5,343.05"
8 Oct 2024,,DEBIT CARD PURCHASE Disney Plus 1800-965160 AUSClick for details,-$17.99,,"$2,308.82"
7 Oct 2024,,DEBIT CARD PURCHASE NETFLIX AUSTRALIA PTY Melbourne AUSClick for details,-$18.99,,"$2,326.81"
3 Oct 2024,,PAYMENT BY AUTHORITY TO WESTPAC BANKCORP DIRECT DR190659410Click for details,"-$2,612.50",,"$2,345.80"
3 Oct 2024,,WITHDRAWAL MOBILE 1497785 TFR Rocket Repa Extra RepaymentsClick for details,-$100.00,,"$4,958.30"
30 Sep 2024,,EFTPOS DEBIT 0549825 STAN.COM.AU\ 29/09Click for details,-$12.00,,"$5,058.30"
27 Sep 2024,,WITHDRAWAL MOBILE 1666166 PYMT Daniel VenClick for details,"-$1,065.00",,"$5,070.30"
27 Sep 2024,,WITHDRAWAL MOBILE 1606618 PYMT Chantelle Investment MoneyClick for details,-$315.00,,"$6,135.30"
27 Sep 2024,,WITHDRAWAL MOBILE 1595729 PYMT ChantelleClick for details,"-$1,065.00",,"$6,450.30"
27 Sep 2024,,WITHDRAWAL MOBILE 1460597 PYMT Mergy Vent Investment MoneyClick for details,-$315.00,,"$7,515.30"
26 Sep 2024,,DEPOSIT 5730131 Maxxia05730131Click for details,,$346.54,"$7,830.30"
25 Sep 2024,,DEPOSIT-SALARY SOUTHERN HEALTH salary 00632180Click for details,,"$2,905.37","$7,483.76"
23 Sep 2024,,PAYMENT BY AUTHORITY TO COVAU PTY LTD 1309235 Inv 164185Click for details,-$86.81,,"$4,578.39"
19 Sep 2024,,PAYMENT BY AUTHORITY TO WESTPAC BANKCORP DIRECT DR190659410Click for details,"-$2,612.50",,"$4,665.20"
19 Sep 2024,,WITHDRAWAL MOBILE 1689428 TFR Rocket Repa Extra RepaymentsClick for details,-$100.00,,"$7,277.70"
16 Sep 2024,,PAYMENT BY AUTHORITY TO COVAU PTY LTD 1309187 INV 163080Click for details,-$160.72,,"$7,377.70"
16 Sep 2024,,DEBIT CARD PURCHASE SPINTEL PTY LTD ST PETERS AUSClick for details,-$76.08,,"$7,538.42"
13 Sep 2024,,WITHDRAWAL MOBILE 1671460 PYMT Chantelle Investment MoneyClick for details,-$315.00,,"$7,614.50"
13 Sep 2024,,WITHDRAWAL MOBILE 1671381 PYMT Mergy Vent Investment MoneyClick for details,-$315.00,,"$7,929.50"
13 Sep 2024,,WITHDRAWAL MOBILE 1669652 PYMT ChantelleClick for details,"-$1,065.00",,"$8,244.50"
13 Sep 2024,,WITHDRAWAL MOBILE 1561323 PYMT Daniel VenClick for details,"-$1,065.00",,"$9,309.50"
12 Sep 2024,,DEPOSIT 5715670 Maxxia05715670Click for details,,$346.54,"$10,374.50"
12 Sep 2024,,DEPOSIT-SALARY EYBS PAYROLL ADA124934 13017524Click for details,,"$5,313.37","$10,027.96"
11 Sep 2024,,DEPOSIT-SALARY SOUTHERN HEALTH salary 00632180Click for details,,"$3,068.17","$4,714.59"
9 Sep 2024,,DEBIT CARD PURCHASE Disney Plus 1800-965160 AUSClick for details,-$17.99,,"$1,646.42"
5 Sep 2024,,PAYMENT BY AUTHORITY TO WESTPAC BANKCORP DIRECT DR190659410Click for details,"-$2,612.50",,"$1,664.41"
5 Sep 2024,,WITHDRAWAL MOBILE 1486651 TFR Rocket Repa Extra RepaymentsClick for details,-$100.00,,"$4,276.91"
5 Sep 2024,,DEBIT CARD PURCHASE NETFLIX.COM Melbourne AUSClick for details,-$18.99,,"$4,376.91"
30 Aug 2024,,EFTPOS DEBIT 0635476 STAN.COM.AU\ 29/08Click for details,-$12.00,,"$4,395.90"
30 Aug 2024,,WITHDRAWAL MOBILE 1780527 PYMT Daniel VenClick for details,"-$1,065.00",,"$4,407.90"
30 Aug 2024,,WITHDRAWAL MOBILE 1529810 PYMT Mergy Vent Investment MoneyClick for details,-$315.00,,"$5,472.90"
30 Aug 2024,,WITHDRAWAL MOBILE 1520287 PYMT Chantelle Investment MoneyClick for details,-$315.00,,"$5,787.90"
30 Aug 2024,,WITHDRAWAL MOBILE 1480315 PYMT ChantelleClick for details,"-$1,065.00",,"$6,102.90"
29 Aug 2024,,DEPOSIT 5698155 Maxxia05698155Click for details,,$346.54,"$7,167.90"
28 Aug 2024,,DEPOSIT-SALARY SOUTHERN HEALTH salary 00632180Click for details,,"$3,080.10","$6,821.36"
22 Aug 2024,,PAYMENT BY AUTHORITY TO WESTPAC BANKCORP DIRECT DR190659410Click for details,"-$2,612.50",,"$3,741.26"
22 Aug 2024,,WITHDRAWAL MOBILE 1568121 TFR Rocket Repa Extra RepaymentsClick for details,-$100.00,,"$6,353.76"
21 Aug 2024,,PAYMENT BY AUTHORITY TO COVAU PTY LTD 1309235 Inv 159239Click for details,-$227.15,,"$6,453.76"
16 Aug 2024,,WITHDRAWAL MOBILE 1625589 PYMT Daniel VenClick for details,"-$1,065.00",,"$6,680.91"
16 Aug 2024,,WITHDRAWAL MOBILE 1621286 PYMT Chantelle Investment MoneyClick for details,-$315.00,,"$7,745.91"
16 Aug 2024,,WITHDRAWAL MOBILE 1621191 PYMT Mergy Vent Investment MoneyClick for details,-$315.00,,"$8,060.91"
16 Aug 2024,,WITHDRAWAL MOBILE 1505457 PYMT ChantelleClick for details,"-$1,065.00",,"$8,375.91"
15 Aug 2024,,DEBIT CARD PURCHASE SPINTEL PTY LTD ST PETERS AUSClick for details,-$97.84,,"$9,440.91"
15 Aug 2024,,DEPOSIT 5682397 Maxxia05682397Click for details,,$346.54,"$9,538.75"
14 Aug 2024,,DEPOSIT-SALARY EYBS PAYROLL ADA124934 13017524Click for details,,"$5,413.37","$9,192.21"
14 Aug 2024,,DEPOSIT-SALARY SOUTHERN HEALTH salary 00632180Click for details,,"$2,379.33","$3,778.84"
8 Aug 2024,,PAYMENT BY AUTHORITY TO WESTPAC BANKCORP DIRECT DR190659410Click for details,"-$2,612.50",,"$1,399.51"
8 Aug 2024,,WITHDRAWAL MOBILE 1651433 TFR Rocket Repa Extra RepaymentsClick for details,-$100.00,,"$4,012.01"
8 Aug 2024,,DEBIT CARD PURCHASE Disney Plus 1800-965160 AUSClick for details,-$17.99,,"$4,112.01"
5 Aug 2024,,DEBIT CARD PURCHASE NETFLIX.COM Melbourne AUSClick for details,-$18.99,,"$4,130.00"
2 Aug 2024,,WITHDRAWAL MOBILE 1949130 PYMT Chantelle Investment MoneyClick for details,-$315.00,,"$4,148.99"
2 Aug 2024,,WITHDRAWAL MOBILE 1949099 PYMT Mergy Vent Investment MoneyClick for details,-$315.00,,"$4,463.99"
2 Aug 2024,,WITHDRAWAL MOBILE 1902035 PYMT Daniel VenClick for details,"-$1,065.00",,"$4,778.99"
2 Aug 2024,,WITHDRAWAL MOBILE 1060357 PYMT ChantelleClick for details,"-$1,065.00",,"$5,843.99"
1 Aug 2024,,DEPOSIT 5665839 Maxxia05665839Click for details,,$346.54,"$6,908.99"
31 Jul 2024,,DEPOSIT-SALARY SOUTHERN HEALTH salary 00632180Click for details,,"$2,483.20","$6,562.45"
30 Jul 2024,,EFTPOS DEBIT 0360976 STAN.COM.AU\ 29/07Click for details,-$12.00,,"$4,079.25"
25 Jul 2024,,PAYMENT BY AUTHORITY TO WESTPAC BANKCORP DIRECT DR190659410Click for details,"-$2,612.50",,"$4,091.25"
22 Jul 2024,,PAYMENT BY AUTHORITY TO COVAU PTY LTD 1309235 Inv 154361Click for details,-$37.33,,"$6,703.75"
19 Jul 2024,,WITHDRAWAL MOBILE 1576203 PYMT Chantelle Investment MoneyClick for details,-$315.00,,"$6,741.08"
19 Jul 2024,,WITHDRAWAL MOBILE 1576115 PYMT Mergy Vent Investment MoneyClick for details,-$315.00,,"$7,056.08"
19 Jul 2024,,WITHDRAWAL MOBILE 1502269 PYMT ChantelleClick for details,"-$1,065.00",,"$7,371.08"
19 Jul 2024,,WITHDRAWAL MOBILE 1476096 PYMT Daniel VenClick for details,"-$1,065.00",,"$8,436.08"
18 Jul 2024,,DEPOSIT 5645804 Maxxia05645804Click for details,,$346.54,"$9,501.08"
17 Jul 2024,,PAYMENT BY AUTHORITY TO COVAU PTY LTD 1309187 INV 153449Click for details,-$110.31,,"$9,154.54"
17 Jul 2024,,DEPOSIT-SALARY SOUTHERN HEALTH salary 00632180Click for details,,"$2,514.37","$9,264.85"
16 Jul 2024,,DEBIT CARD PURCHASE Kogan.com 8JCCMJ7U Melbourne AUSClick for details,"-$1,444.99",,"$6,750.48"
16 Jul 2024,,DEBIT CARD PURCHASE SPINTEL PTY LTD ST PETERS AUSClick for details,-$54.56,,"$8,195.47"
15 Jul 2024,,DEBIT CARD PURCHASE stan.com.au Sydney AUSClick for details,-$12.00,,"$8,250.03"
12 Jul 2024,,DEPOSIT-SALARY EYBS PAYROLL ADA124934 13017524Click for details,,"$5,413.37","$8,262.03"
11 Jul 2024,,PAYMENT BY AUTHORITY TO WESTPAC BANKCORP DIRECT DR190659410Click for details,"-$2,612.50",,"$2,848.66"
8 Jul 2024,,DEBIT CARD PURCHASE Disney Plus 1800-965160 AUSClick for details,-$17.99,,"$5,461.16"
5 Jul 2024,,WITHDRAWAL MOBILE 1481320 PYMT ChantelleClick for details,"-$1,065.00",,"$5,479.15"
5 Jul 2024,,WITHDRAWAL MOBILE 1431204 PYMT Daniel VenClick for details,"-$1,065.00",,"$6,544.15"
5 Jul 2024,,DEBIT CARD PURCHASE Dyson Appliances Au Taren Point AUSClick for details,-$490.00,,"$7,609.15"
5 Jul 2024,,DEBIT CARD PURCHASE NETFLIX.COM Melbourne AUSClick for details,-$16.99,,"$8,099.15"
4 Jul 2024,,DEPOSIT 5631249 Maxxia05631249Click for details,,$346.54,"$8,116.14"
3 Jul 2024,,DEPOSIT-SALARY SOUTHERN HEALTH salary 00632180Click for details,,"$2,673.48","$7,769.60"
27 Jun 2024,,PAYMENT BY AUTHORITY TO WESTPAC BANKCORP DIRECT DR190659410Click for details,"-$2,612.50",,"$5,096.12"
25 Jun 2024,,PAYMENT BY AUTHORITY TO COVAU PTY LTD 1309235 Inv 149880Click for details,-$99.37,,"$7,708.62"
21 Jun 2024,,WITHDRAWAL MOBILE 1510483 PYMT Daniel VenClick for details,"-$1,065.00",,"$7,807.99"
21 Jun 2024,,WITHDRAWAL MOBILE 1420935 PYMT ChantelleClick for details,"-$1,065.00",,"$8,872.99"
20 Jun 2024,,DEPOSIT 5626075 Maxxia05626075Click for details,,$346.54,"$9,937.99"
19 Jun 2024,,DEPOSIT-SALARY SOUTHERN HEALTH salary 00632180Click for details,,"$2,739.26","$9,591.45"
17 Jun 2024,,DEBIT CARD PURCHASE SPINTEL PTY LTD ST PETERS AUSClick for details,-$55.14,,"$6,852.19"
13 Jun 2024,,PAYMENT BY AUTHORITY TO WESTPAC BANKCORP DIRECT DR190659410Click for details,"-$2,612.50",,"$6,907.33"
13 Jun 2024,,DEPOSIT-SALARY EYBS PAYROLL ADA124934 13017524Click for details,,"$4,647.77","$9,519.83"
10 Jun 2024,,DEBIT CARD PURCHASE Disney Plus 1800-965160 AUSClick for details,-$17.99,,"$4,872.06"
7 Jun 2024,,WITHDRAWAL MOBILE 1503735 PYMT ChantelleClick for details,"-$1,065.00",,"$4,890.05"
7 Jun 2024,,WITHDRAWAL MOBILE 1467428 PYMT Daniel VenClick for details,"-$1,065.00",,"$5,955.05"
6 Jun 2024,,DEPOSIT 5606695 Maxxia05606695Click for details,,$346.54,"$7,020.05"
5 Jun 2024,,DEBIT CARD PURCHASE NETFLIX.COM Melbourne AUSClick for details,-$16.99,,"$6,673.51"
5 Jun 2024,,DEPOSIT-SALARY SOUTHERN HEALTH salary 00632180Click for details,,"$3,299.79","$6,690.50"
30 May 2024,,PAYMENT BY AUTHORITY TO WESTPAC BANKCORP DIRECT DR190659410Click for details,"-$2,612.50",,"$3,390.71"
30 May 2024,,DEBIT CARD PURCHASE stan.com.au Sydney AUSClick for details,-$12.00,,"$6,003.21"
24 May 2024,,WITHDRAWAL MOBILE 1694171 PYMT ChantelleClick for details,"-$1,065.00",,"$6,015.21"
24 May 2024,,WITHDRAWAL MOBILE 1495354 PYMT Daniel VenClick for details,"-$1,065.00",,"$7,080.21"
23 May 2024,,DEPOSIT 5584299 Maxxia05584299Click for details,,$346.54,"$8,145.21"
22 May 2024,,PAYMENT BY AUTHORITY TO COVAU PTY LTD 1309235 Inv 145103Click for details,-$69.27,,"$7,798.67"
22 May 2024,,DEPOSIT-SALARY SOUTHERN HEALTH salary 00632180Click for details,,"$3,366.18","$7,867.94"
17 May 2024,,PAYMENT BY AUTHORITY TO COVAU PTY LTD 1309187 INV 144516Click for details,-$137.51,,"$4,501.76"
16 May 2024,,PAYMENT BY AUTHORITY TO WESTPAC BANKCORP DIRECT DR190659410Click for details,"-$2,612.50",,"$4,639.27"
15 May 2024,,DEBIT CARD PURCHASE SPINTEL PTY LTD ST PETERS AUSClick for details,-$54.55,,"$7,251.77"
14 May 2024,,DEPOSIT-SALARY EYBS PAYROLL ADA124934 13017524Click for details,,"$4,647.77","$7,306.32"
10 May 2024,,WITHDRAWAL MOBILE 1780903 PYMT ChantelleClick for details,"-$1,065.00",,"$2,658.55"
10 May 2024,,WITHDRAWAL MOBILE 1410517 PYMT Daniel VenClick for details,"-$1,065.00",,"$3,723.55"
9 May 2024,,DEPOSIT 5562303 Maxxia05562303Click for details,,$346.54,"$4,788.55"
8 May 2024,,DEBIT CARD PURCHASE KMART 1163 RICHMOND AUSClick for details,-$65.00,,"$4,442.01"
8 May 2024,,DEBIT CARD PURCHASE Disney Plus 1800-965160 AUSClick for details,-$17.99,,"$4,507.01"
8 May 2024,,DEPOSIT-SALARY Southern Health 632180Click for details,,"$2,989.79","$4,525.00"
6 May 2024,,DEBIT CARD PURCHASE NETFLIX.COM Melbourne AUSClick for details,-$16.99,,"$1,535.21"
2 May 2024,,PAYMENT BY AUTHORITY TO WESTPAC BANKCORP DIRECT DR190659410Click for details,"-$2,612.50",,"$1,552.20"
30 Apr 2024,,DEBIT CARD PURCHASE stan.com.au Sydney AUSClick for details,-$12.00,,"$4,164.70"
26 Apr 2024,,WITHDRAWAL MOBILE 1575340 PYMT Daniel VenClick for details,"-$1,065.00",,"$4,176.70"
26 Apr 2024,,WITHDRAWAL MOBILE 1533949 PYMT ChantelleClick for details,"-$1,065.00",,"$5,241.70"
26 Apr 2024,,WITHDRAWAL-OSKO PAYMENT 1087696 Chantelle ElliottClick for details,-$68.94,,"$6,306.70"
26 Apr 2024,,DEPOSIT 5543424 Maxxia05543424Click for details,,$346.54,"$6,375.64"
26 Apr 2024,,DEPOSIT-OSKO PAYMENT 2075040 Miss Chantelle Marea Elliott Medical BillClick for details,,$79.00,"$6,029.10"
24 Apr 2024,,DEBIT CARD PURCHASE NORTH ROAD MEDICAL SOUTH CAULFI AUSClick for details,-$79.00,,"$5,950.10"
24 Apr 2024,,DEPOSIT-SALARY Southern Health 632180Click for details,,"$2,532.01","$6,029.10"
22 Apr 2024,,PAYMENT BY AUTHORITY TO WESTPAC BANKCORP DIRECT DR190659410Click for details,"-$5,396.00",,"$3,497.09"
18 Apr 2024,,DEBIT CARD PURCHASE COLES 7719 RICHMOND AUSClick for details,-$47.13,,"$8,893.09"
18 Apr 2024,,DEBIT CARD PURCHASE COLES 7719 RICHMOND AUSClick for details,-$7.67,,"$8,940.22"
12 Apr 2024,,WITHDRAWAL MOBILE 1646209 PYMT ChantelleClick for details,"-$1,065.00",,"$8,947.89"
12 Apr 2024,,WITHDRAWAL MOBILE 1646099 PYMT Daniel VenClick for details,"-$1,065.00",,"$10,012.89"
12 Apr 2024,,DEPOSIT-SALARY EYBS PAYROLL ADA124934 13017524Click for details,,"$4,647.77","$11,077.89"
11 Apr 2024,,DEPOSIT 5541499 Maxxia05541499Click for details,,$346.62,"$6,430.12"
10 Apr 2024,,DEPOSIT-SALARY Southern Health 632180Click for details,,"$3,790.88","$6,083.50"
8 Apr 2024,,WITHDRAWAL MOBILE 1659908 PYMT Home LoanClick for details,"-$5,225.00",,"$2,292.62"
8 Apr 2024,,DEBIT CARD PURCHASE Netflix.com Melbourne AUSClick for details,-$16.99,,"$7,517.62"
8 Apr 2024,,DEBIT CARD PURCHASE Disney Plus 1800-965160 AUSClick for details,-$13.99,,"$7,534.61"
8 Apr 2024,,DEBIT CARD PURCHASE LAT*SoapBarRichmnd Richmond AUSClick for details,-$3.00,,"$7,548.60"
8 Apr 2024,,DEBIT CARD PURCHASE LAT*SoapBarRichmnd Richmond AUSClick for details,-$3.00,,"$7,551.60"
2 Apr 2024,,WITHDRAWAL MOBILE 1450887 PYMT ChantelleClick for details,"-$1,065.00",,"$7,554.60"
2 Apr 2024,,WITHDRAWAL MOBILE 1450667 PYMT Daniel VenClick for details,"-$1,065.00",,"$8,619.60"
2 Apr 2024,,DEBIT CARD PURCHASE stan.com.au Sydney AUSClick for details,-$10.00,,"$9,684.60"
28 Mar 2024,,INTERESTClick for details,-$2.10,,"$9,694.60"
28 Mar 2024,,DEPOSIT 5513167 Maxxia05513167Click for details,,$346.46,"$9,696.70"
27 Mar 2024,,DEPOSIT-SALARY Southern Health 632180Click for details,,"$3,668.01","$9,350.24"
22 Mar 2024,,DEPOSIT ONLINE 2125410 TFR Rocket Repa AccidentClick for details,,"$5,396.00","$5,682.23"
22 Mar 2024,,DIRECT DEBIT DISHONOURED 0037300Click for details,,"$5,396.00",$286.23
21 Mar 2024,,PAYMENT BY AUTHORITY TO WESTPAC BANKCORP DIRECT DR190659410Click for details,"-$5,396.00",,"-$5,109.77"
20 Mar 2024,,WITHDRAWAL MOBILE 1699302 PYMT Home Loan Monthly RepaymentClick for details,"-$5,396.00",,$286.23
14 Mar 2024,,EFTPOS DEBIT 0347437 Disney PLUS Ecom\ 13/03Click for details,-$13.99,,"$5,682.23"
14 Mar 2024,,WITHDRAWAL MOBILE 1682366 PYMT Daniel Ven Individual SalaryClick for details,-$891.50,,"$5,696.22"
14 Mar 2024,,WITHDRAWAL MOBILE 1682261 PYMT Chantelle Individual SalaryClick for details,-$891.80,,"$6,587.72"
14 Mar 2024,,DEPOSIT-SALARY EYBS PAYROLL ADA124934 13017524Click for details,,"$4,647.77","$7,479.52"
13 Mar 2024,,DEPOSIT-SALARY Southern Health 632180Click for details,,"$2,831.75","$2,831.75"
4 Mar 2024,,WITHDRAWAL-OSKO PAYMENT 1578644 Daniel Ventura 03 MAR 2024Click for details,"-$1,811.58",,$0.00
21 Feb 2024,,WITHDRAWAL FOR SETTLEMENT 0000000Click for details,"-$62,189.42",,"$1,811.58"
16 Feb 2024,,DEPOSIT-OSKO PAYMENT 2253903 Daniel F Ventura Homeloan expensesClick for details,,"$64,000.00","$64,001.00"
16 Feb 2024,,DEPOSIT-OSKO PAYMENT 2073382 Daniel F Ventura TestClick for details,,$1.00,$1.00
